=================================
# quCR Correlation Measurement 
=================================
#       Y    X=0    45   90  135 deg
          0     318     93      2    113
          2     306    114      3    144
          5     327    103      2    104
          7     318    104      4    136
         10     340    111      4    126
         12     315    103      2    115
         15     321     97      0    127
         17     314     94      1    125
         20     343    106      1    128
         22     286    113      2    124
         25     285     95      2    123
         27     308     99      0    121
         30     271     96      1    124
         32     237     81      1     99
         35     272     84      1     82
         37     213     84      1    103
         40     220     82      0    101
         42     213     81      0     80
         45     197     72      1     69
         47     177     65      0     68
         50     162     47      0     63
         52     122     64      1     64
         55     115     51      2     63
         57     108     43      0     49
         60      77     36      0     39
         62      74     25      1     35
         65      65     30      1     24
         67      57     14      0     21
         70      42     17      0     27
         72      36     11      0     16
         75      22     15      0      8
         77      11      8      0      4
         80       7      7      0      8
         82       9      6      1      6
         85       7      0      0      4
         87       3      1      0      2
         90       4      1      0      0
         92       2      5      0      3
         95      17      3      0      5
         97      18      0      0      9
        100      17      7      0     11
        102      27     10      1      8
        105      33     16      1     15
        107      44     12      0     17
        110      62     25      1     17
        112      70     19      1     34
        115      69     37      0     41
        117      93     33      2     49
        120     107     62      1     65
        122     117     62      2     69
        125     150     71      2     85
        127     135     82      1     80
        130     171     95      0     91
        132     154     78      1    104
        135     176    108      4    118
        137     181    126      3    132
        140     224     95      0    136
        142     195    119      2    139
        145     201    144      2    134
        147     249    115      0    145
        150     230    143      0    156
        152     214    135      9    159
        155     254    147      1    160
        157     246    167      1    182
        160     279    149      1    174
        162     263    169      1    172
        165     274    164      5    175
        167     252    168      2    170
        170     259    146      1    161
        172     239    152      0    180
        175     267    155      1    195
        177     237    144      3    188
        180     231    135      1    184
        182     237    141      2    173
        185     235    138      4    169
        187     244    143      1    155
        190     245    132      0    174
        192     219    120      0    167
        195     223    112      3    177
        197     222    107      1    156
        200     171    115      1    117
        202     186    111      1    144
        205     189    121      0    133
        207     186     90      1    116
        210     188    102      0    109
        212     180     91      0     99
        215     158     83      1     90
        217     149     78      1     86
        220     128     58      1     72
        222     136     63      2     80
        225     113     61      1     71
        227     112     47      0     62
        230      90     40      0     38
        232      79     33      2     44
        235      80     26      1     37
        237      66     28      0     41
        240      56     14      0     21
        242      36     20      1     20
        245      35     12      0      7
        247      19     12      0     19
        250      23      4      0     12
        252      14      7      0      1
        255      16      8      3      9
        257       6      5      1      5
        260       7      0      0      4
        262       6      4      1      2
        265       5      0      0      3
        267       5      1      1      2
        270       2      2      0      4
        272       4      1      1      2
        275       6      1      1      2
        277       8      6      2      1
        280      12      4      0      7
        282      13      3      1      7
        285      14     10      1      7
        287      23      9      0     11
        290      37     17      3     17
        292      63     20      1     28
        295      60     34      1     37
        297      71     28      1     39
        300      88     36      1     40
        302      90     35      1     56
        305     107     45      2     54
        307     113     57      2     68
        310     121     60      1     58
        312     129     57      2     82
        315     151     81      2     85
        317     141     67      0     86
        320     149     81      0     83
        322     158     82      0     71
        325     184     60      0     88
        327     181     87      1     91
        330     219     86      1    107
        332     198     68      2    118
        335     232     80      1    127
        337     209     95      0    115
        340     235     90      1    121
        342     226     84      1    124
        345     206    113      1    104
        347     234     87      1    141
        350     248     95      1    122
        352     243     83      2    120
        355     264     97      1    116
        357     223    117      0    123
        360     244    107      5    126
