=================================
# quCR Correlation Measurement 
=================================
#       Y    X=0    45   90  135 deg
          0    1104    492     25    694
          2    1241    550     11    680
          5    1100    504     19    609
          7    1105    565     12    604
         10    1109    603     25    545
         12    1081    635     31    504
         15    1081    683     53    492
         17    1051    771     59    395
         20    1062    738    101    351
         22     971    787    127    340
         25     832    748    142    348
         27     860    827    177    276
         30     800    814    200    251
         32     762    812    224    229
         35     717    791    254    220
         37     687    882    305    210
         40     594    851    362    162
         42     587    828    366    157
         45     554    882    436    155
         47     484    907    510    130
         50     454    865    505    123
         52     402    855    520    112
         55     389    880    609    151
         57     339    844    648    119
         60     269    807    664    106
         62     241    885    732    133
         65     224    883    778    169
         67     150    815    786    181
         70     131    797    827    198
         72     116    748    902    213
         75      98    787    896    254
         77      79    825    924    312
         80      51    723   1034    317
         82      30    690   1033    302
         85      27    675   1027    375
         87      20    627   1033    379
         90      17    610    986    402
         92      12    580   1038    445
         95       8    565   1079    524
         97      12    532    975    541
        100      27    507    953    566
        102      28    427    989    621
        105      34    437   1003    612
        107      53    354    963    601
        110      60    356    883    674
        112      88    340    913    677
        115     108    279    818    718
        117     127    267    785    695
        120     144    235    759    738
        122     197    215    740    726
        125     194    179    735    745
        127     229    163    647    817
        130     255    177    627    796
        132     298    153    542    722
        135     308    165    532    741
        137     353    131    456    766
        140     399    112    455    788
        142     415    125    414    772
        145     444    115    387    773
        147     450    134    300    720
        150     457    126    266    712
        152     544    148    245    715
        155     511    168    212    714
        157     503    174    158    641
        160     516    169    163    639
        162     587    213    141    616
        165     568    222     89    635
        167     605    222     71    573
        170     586    231     45    617
        172     639    257     39    572
        175     611    319     23    523
        177     621    328     26    487
        180     659    371     18    488
        182     660    389      9    471
        185     694    393      8    432
        187     664    458     14    424
        190     665    468     26    425
        192     676    464     26    396
        195     671    505     48    317
        197     704    554     54    300
        200     710    559     59    277
        202     673    598    111    291
        205     736    606    126    275
        207     630    636    170    226
        210     612    680    180    237
        212     638    709    208    216
        215     596    741    246    187
        217     546    746    264    179
        220     522    733    328    136
        222     456    755    344    139
        225     490    759    394    145
        227     408    825    477    127
        230     380    852    478    118
        232     350    829    548    137
        235     366    766    571    116
        237     292    780    652    139
        240     231    782    661    136
        242     210    845    761    164
        245     199    817    744    195
        247     184    777    819    183
        250     160    787    883    193
        252     131    781    967    238
        255      93    809    943    254
        257      95    820    957    248
        260      55    782    999    313
        262      58    738   1031    332
        265      42    701   1125    393
        267      21    707   1182    395
        270      16    658   1061    430
        272      11    590   1040    448
        275      16    596   1009    482
        277      11    605   1033    520
        280      17    543   1032    558
        282      27    523   1019    543
        285      51    463   1004    611
        287      37    390    956    678
        290      61    380    920    651
        292      70    333    984    671
        295      97    339    926    735
        297     125    309    843    732
        300     175    253    860    793
        302     203    226    788    801
        305     242    213    805    818
        307     266    181    743    872
        310     299    190    733    887
        312     366    151    668    970
        315     375    153    602    951
        317     457    155    601    984
        320     488    149    573    956
        322     552    155    500    984
        325     594    137    471    974
        327     618    140    372    960
        330     652    154    331   1011
        332     702    155    299    933
        335     742    153    266    892
        337     768    179    220    944
        340     778    214    185    921
        342     853    222    162    881
        345     839    252    134    841
        347     891    279    111    801
        350     898    321     76    784
        352     978    380     68    765
        355     936    374     40    744
        357     921    407     34    720
        360     913    402     15    699
